1 6874297
2 27050
3 433319
4 1950098
5 8173101
6 1454765
7 5064394
8 4905721
9 587091
10 8284793
11 8385718
12 7453454
13 847789
14 7581443
15 5754095
16 3122179
17 1157052
18 1791931
19 3479813
20 2786651
21 8965326
22 663554
23 6498017
24 1690642
25 3050722
26 7188111
27 1727571
28 681053
29 3938100
30 5894903
31 2020235
32 6072111
33 7601673
34 6757902
35 1346397
36 8582031
37 8836734
38 8501918
39 2924838
40 9893431
41 288852
42 5852153
43 5806881
44 5669419
45 6972784
46 8271400
47 6240292
48 8081227
49 7771908
50 6085850
51 8473932
52 830452
53 7870030
54 4758678
55 9029176
56 5205651
57 1023845
58 2901239
59 323715
60 5781523
61 4686268
62 9727902
63 2807237
64 377300
65 2794066
66 9670787
67 6882994
68 4826632
69 344586
70 5454995
71 3757773
72 8377089
73 210508
74 8477253
75 8279462
76 8950660
77 3272969
78 8751575
79 6094811
80 2641419
81 4606205
82 7243425
83 6494497
84 7015010
85 3754526
86 2642725
87 2575207
88 3143225
89 3214773
90 4514533
91 1086436
92 5848778
93 2424693
94 6820180
95 1828284
96 3765862
97 7903727
98 2507442
99 8635578
100 6221611
101 9330879
102 5024775
103 6411928
104 3311766
105 2949262
106 2009615
107 2403318
108 4647317
109 6099893
110 9979913
111 2372348
112 2768535
113 7566179
114 9619486
115 9586740
116 5711644
117 6238810
118 8678541
119 6134209
120 7919484
121 8310299
122 5392623
123 6205244
124 8466630
125 70221
126 8463161
127 97765
128 2291761
129 4803951
130 2742887
131 3662430
132 8483702
133 6174611
134 1146607
135 3577826
136 8633965
137 6316637
138 7625901
139 9600178
140 8233655
141 9922603
142 6363312
143 2029213
144 6147207
145 6084051
146 7326639
147 1184340
148 9154646
149 2153588
150 6279865
151 4844669
152 6153893
153 368713
154 6391256
155 1981468
156 3753780
157 6953591
158 2118002
159 2022167
160 1616855
161 8747942
162 5279525
163 2186712
164 8613833
165 9508843
166 1168825
167 3488385
168 8014488
169 8934133
170 3486357
171 7795049
172 5408826
173 532931
174 3159915
175 6642803
176 4777544
177 9253855
178 7071371
179 3320163
180 6867483
181 4762088
182 1923993
183 9770155
184 8206107
185 2588597
186 4057426
187 9778365
188 952847
189 6238837
190 8358753
191 5503603
192 5205925
193 8258818
194 8796082
195 669145
196 9181598
197 6081972
198 1615985
199 4698258
200 3680959
