1 1164840
2 4830232
3 8957002
4 7438091
5 6630816
6 6380694
7 5214513
8 9146949
9 1765626
10 3794693
11 4854137
12 8887000
13 2463450
14 606155
15 5710441
16 5944806
17 5255766
18 385341
19 9865400
20 9293776
21 430634
22 3709580
23 6022291
24 241092
25 3016679
26 2670481
27 1202949
28 3764311
29 6932189
30 7360036
31 3867105
32 8884157
33 5984795
34 4370185
35 9979206
36 2592210
37 8813662
38 6834145
39 7846903
40 7005947
41 8728696
42 7218146
43 6491946
44 7748880
45 27463
46 1100427
47 2817922
48 3043109
49 6715813
50 1534739
51 5257867
52 7381742
53 8144958
54 616339
55 1504115
56 9449805
57 5775375
58 2473133
59 9394748
60 711279
61 4938012
62 8150630
63 5756320
64 4437308
65 7644289
66 1223656
67 7107856
68 6967678
69 4591897
70 2435647
71 4507307
72 6513911
73 4020548
74 7509029
75 4131845
76 3793837
77 3875224
78 9942268
79 3417955
80 6664882
81 4459939
82 2360999
83 5003667
84 1929178
85 7483099
86 9745008
87 7192207
88 2809647
89 6463757
90 6957648
91 5317296
92 751504
93 7702789
94 1561035
95 9504176
96 1035837
97 7216312
98 5881959
99 2503146
100 8680291
101 712342
102 5797408
103 7916927
104 5371804
105 2878694
106 4028051
107 7115737
108 1964491
109 1777538
110 9280103
111 2700375
112 8638159
113 1847942
114 3775264
115 4454047
116 2990794
117 3408774
118 6247775
119 8759844
120 5582679
121 6089145
122 878361
123 4080112
124 7405949
125 8992908
126 8123091
127 8199157
128 2572911
129 6422426
130 6663257
131 3309491
132 6794859
133 7124344
134 4675337
135 7635519
136 3504801
137 8501952
138 7228849
139 4175397
140 9156384
141 3452699
142 1135959
143 7375701
144 5527416
145 535752
146 6117928
147 9151386
148 8056873
149 8180950
150 6887377
151 2567968
152 5007358
153 2382025
154 2596092
155 1733016
156 8582366
157 7804141
158 4954001
159 1624663
160 7720694
161 7066021
162 642751
163 1669743
164 4472435
165 8197849
166 3905374
167 3621172
168 4167826
169 1477626
170 7388175
171 830859
172 3312724
173 3979407
174 3085205
175 2621514
176 674183
177 7447223
178 4361993
179 6781420
180 2089000
181 5555735
182 4758339
183 5862724
184 2890913
185 3943372
186 2692948
187 9907592
188 9056301
189 5491095
190 602767
191 2306857
192 2138533
193 5810419
194 2447325
195 6991729
196 3911932
197 528800
198 3882122
199 9027165
200 3869949
