1 8848359
2 218253
3 5724066
4 2933734
5 2585683
6 2367442
7 4077174
8 6268915
9 7114403
10 8857476
11 7768906
12 9941308
13 303914
14 574668
15 3421871
16 3486623
17 6453393
18 9081758
19 2651196
20 5214058
21 974502
22 6026607
23 5104639
24 5150302
25 7940579
26 8146857
27 1953246
28 6861455
29 3664232
30 7483393
31 3112623
32 5140876
33 9503422
34 5612373
35 2252835
36 9715416
37 8185222
38 689516
39 5248057
40 6473109
41 5292982
42 7112539
43 3608182
44 7876337
45 3350199
46 2194896
47 9960997
48 7106737
49 7267334
50 2171210
51 3885290
52 3421026
53 7921260
54 1731670
55 7129598
56 7361054
57 4706759
58 7090227
59 8671349
60 5503689
61 5108847
62 4895999
63 6994867
64 4608453
65 892531
66 7289096
67 1387820
68 5031056
69 6258789
70 8542574
71 2265867
72 1745330
73 5599790
74 6501925
75 7181448
76 1315799
77 4536730
78 7237438
79 6729318
80 6115093
81 3446524
82 2150038
83 2107398
84 9855417
85 3968415
86 6248968
87 2989910
88 266864
89 8347118
90 2496215
91 284116
92 4364693
93 9652642
94 8954213
95 5583150
96 3070789
97 1011183
98 8047906
99 9146298
100 1729288
101 8736144
102 6081900
103 4650911
104 8744832
105 7531831
106 9682459
107 7659492
108 5056996
109 1746521
110 2791169
111 8502492
112 3365286
113 6702316
114 3362982
115 3163511
116 2833719
117 9613996
118 7913583
119 3773068
120 1820190
121 123314
122 7096006
123 8155849
124 2545094
125 3591810
126 8601259
127 5963264
128 5988693
129 1967254
130 4788182
131 9149890
132 6100616
133 4437233
134 5181553
135 9291966
136 3996507
137 8886272
138 1616964
139 4079760
140 9000467
141 2570969
142 9456452
143 7052124
144 69573
145 762714
146 9943747
147 907844
148 8648051
149 4832722
150 8939019
151 4155758
152 748964
153 9463897
154 8848650
155 8711000
156 359945
157 4109540
158 7368266
159 5395283
160 2736699
161 3215571
162 1596008
163 7153318
164 1900794
165 1793244
166 6135320
167 3211395
168 3634769
169 5757967
170 3685001
171 5964995
172 338614
173 2550834
174 1753674
175 6924489
176 9530629
177 1443384
178 8438497
179 9964261
180 1962600
181 381642
182 7295203
183 1935512
184 5370999
185 1539418
186 764203
187 8821029
188 9615434
189 3771029
190 8392553
191 1917205
192 5223050
193 5487598
194 3665328
195 2699220
196 2403118
197 9197672
198 1884719
199 3601697
200 6471632
